20000
16471
1796
3145
18967
8167
19065
17645
645
14084
13772
17178
13849
647
4394
18661
16363
6727
18382
12462
17928
17576
3272
10993
17501
5403
12507
7734
9801
15917
9402
4040
8673
15272
13427
18896
10538
4536
6202
13469
18162
4711
14564
16071
18349
6411
3308
15112
18933
6316
458
19388
10306
16884
8276
7296
6844
12551
17900
14656
5548
19313
1823
1353
17037
15596
787
8668
12264
16108
13764
16816
2452
1497
7509
771
15882
14630
8439
13859
12250
14907
9818
16826
19541
8063
3793
14897
8587
1026
10678
14655
17085
3000
5329
3925
1196
16402
17342
19252
3273
8978
11664
16288
18619
3333
14579
3954
8875
2781
7949
10383
15847
11577
583
9721
12949
7503
15966
5124
19324
18736
18865
8981
16803
15779
8161
9210
18326
7875
8677
9909
1734
7431
17306
2865
1996
13384
6439
12714
1948
7485
14914
1048
9530
4767
9273
18150
11226
14342
16311
9107
19860
19099
17145
15806
11812
13918
7101
13801
12208
7578
7315
19739
17148
2269
14173
46
1065
19787
16360
14896
9906
19390
14451
3701
9979
17589
7326
1092
10868
16906
753
19223
9502
18187
12817
9545
9918
11905
15140
18119
7777
17398
8298
15163
12915
3432
11173
11641
14018
12635
12504
335
1454
3944
19757
7860
2217
6497
211
1329
7077
2380
5667
3753
12864
14828
13288
18742
16211
9096
6198
16275
2312
17165
15089
16984
17110
9423
7111
18671
19421
11262
10771
2260
15282
8851
17615
10861
11627
2583
8462
13624
13845
13758
14764
10802
1222
13496
11921
2990
19493
10485
324
11531
19078
16665
10008
377
16210
8531
2852
5421
13329
19964
8786
10049
16876
18275
19327
3077
7051
2088
13563
11876
7217
14357
2014
10523
13540
4112
14452
14829
7912
9888
35
5875
7040
4171
6061
14142
5881
14881
9098
11501
15837
17437
11518
6989
7546
19235
2640
13354
15310
7093
4388
4784
3068
8494
2407
9456
3398
16230
405
12884
13751
19415
11692
7073
19356
275
6587
3655
6803
5959
11568
4227
6922
19020
11827
5358
16470
12681
8287
1949
19057
5537
17134
2100
15194
15780
17791
1423
17443
2353
9745
1380
1452
8180
7753
1993
7749
488
9370
1237
7815
18281
16707
17563
12747
8553
13875
6228
14561
7183
19446
9452
912
18197
12450
13824
15759
5022
15479
13303
12245
11393
4561
7128
8389
10174
511
1779
4623
16135
2631
8764
8022
17138
11724
3262
7605
13299
9902
14008
12533
14669
4854
884
8552
5114
13295
5206
617
6289
676
1012
7830
6752
14667
13197
16252
4138
16315
7637
12444
10124
15841
8908
2542
3434
15791
6008
15199
15448
10284
12019
1019
6217
17097
582
17599
4196
8524
16286
14399
15745
18201
17861
10896
11318
19064
17324
17937
9605
18524
1881
1089
998
16167
9672
19901
8274
18777
14501
1487
7946
7935
6124
690
11756
1430
16712
7799
1967
467
8698
13432
11803
11967
18393
2000
10427
9622
2228
16194
8347
1755
18810
13872
9578
4423
18323
16246
11451
14351
4569
11995
15125
1444
12679
4276
2202
12387
12568
2446
2309
4939
1111
8360
14638
4808
7041
6490
12156
11955
8460
3051
9517
14499
4237
19699
7646
16814
5989
4341
5159
16716
3305
8422
1617
8484
18583
13611
8428
15360
7790
6317
10486
18582
8566
19032
12975
5647
16931
8536
4186
858
19717
11439
1284
5892
9361
8556
8207
3073
16013
8850
6992
15363
4586
14696
11699
16851
11609
9926
15220
2975
5538
11831
9058
8148
14989
3511
1246
104
1713
6716
5652
14963
17979
14155
1342
15663
14994
8610
1903
3135
57
7748
13565
10854
2916
15018
3671
7313
14350
5518
11681
4084
8864
2870
6639
17309
9968
2979
12520
3816
6408
16640
7070
15888
19671
1529
4718
7592
9378
7434
9544
8565
16862
11223
3117
13572
13864
15047
5941
4046
13108
15114
9677
4453
11014
13929
3253
12579
17438
6415
10463
1650
19405
9676
14625
15811
9035
2315
16619
17897
7629
7510
10902
14242
19643
4626
1517
17036
10459
9612
5109
19034
19239
11267
5248
18843
7533
15099
5654
6582
2293
8398
7483
9999
7240
12209
8733
17722
16313
13945
2748
19580
10393
5782
4109
11708
11428
13101
17691
7540
14957
14725
17343
12780
5249
18891
12135
12911
12430
13778
4981
11926
1053
13365
15828
4105
16204
19533
5617
16968
40
1831
8946
13662
13752
179
3089
8322
10949
7906
15820
4777
1081
6759
11790
6769
18986
18945
2139
15115
1338
8661
8307
5330
5714
12119
19035
18845
667
17796
16009
6912
13074
10071
7604
1382
17794
1827
10483
1974
14663
3967
4088
15352
8326
7359
6927
13906
9420
11983
15795
20
1074
355
8800
315
4736
11710
6347
2570
7955
4063
11771
18602
5355
4496
7624
2858
1281
949
722
7462
8377
14012
3731
9359
9199
6062
19601
11227
4762
19999
14354
14315
10610
9184
19870
14090
17963
14349
15994
11842
16686
9761
12653
9660
1175
12183
16624
13807
17793
4593
15055
9421
14189
12521
7234
15517
1350
9189
15262
5024
3726
9180
8909
428
10667
14584
1981
10562
4882
8591
8191
1806
5079
739
17187
537
10044
18566
16543
19809
11249
8751
11
18853
10770
8683
11255
18673
14226
7591
6468
12926
11361
19600
11982
19630
9948
7924
14732
2580
3132
14752
16006
579
19328
8418
1479
12463
7284
10373
1471
13562
12426
10547
10716
1910
4212
16690
8842
3403
19150
16411
13544
7712
2521
18346
18638
246
9364
3125
2258
10738
6816
2985
15428
10475
11073
15792
1016
5184
13784
10985
824
16321
10911
1170
12191
1109
4733
11835
12875
5730
10632
18081
13490
15394
18562
334
12832
4103
11722
16029
9268
14628
732
2874
7031
1254
343
15813
1180
15547
15006
14512
3223
14387
4250
10734
18901
1122
11007
18738
15902
619
13471
2297
14095
2197
6653
819
11869
17652
8827
11240
13430
3161
1604
2089
10867
2346
16956
9246
790
4846
10709
8370
5992
6798
16611
8417
13079
5750
10725
17804
692
14751
11268
11508
19918
12102
4773
15518
11277
6647
14039
9951
8633
18413
3189
10760
7944
19138
4360
11642
8607
10479
8878
17544
10466
14443
4897
15951
17895
7
4557
8681
7177
2724
16967
708
